user_id	topic	gamma
869389322855878658	1	3.978781425095995e-5
2336909199	1	6.359521120670122e-5
195592527	1	3.440111617799521e-5
19017604	1	0.10039047346964954
1084650420	1	4.2066957032513005e-5
17454769	1	0.13206937765043728
194343140	1	5.279482110635085e-5
2596589880	1	9.098517885235523e-5
17831138	1	1.849609054671397e-5
18786099	1	0.003498385629362448
98678698	1	3.757886178279489e-5
465119611	1	6.303633437710681e-5
316327930	1	0.27371663845007865
1006149495279771648	1	8.589670145882734e-5
1497105828	1	0.49952218064871196
225968641	1	4.534814237892341e-5
22277496	1	1.9579015250770075e-5
36830025	1	2.544272825455214e-5
1398479138	1	0.8145535505410194
161163433	1	0.9967257293904888
636025744	1	3.697862217616597e-5
767256235	1	1.432695264157635e-5
77184521	1	6.9906075377844e-5
16187240	1	0.8630485718557028
15815757	1	0.729748529945823
50798026	1	7.19259716532819e-5
2181212986	1	5.321525953360899e-5
151915040	1	7.836183710239904e-5
129067238	1	0.5206213367098805
1001562055	1	5.2150691828906065e-6
2814040284	1	0.8483433307785102
55706325	1	8.952754841479864e-5
118791480	1	7.003825391079133e-5
1560875191	1	0.5195126383962043
730523465447407616	1	6.140286008719797e-5
892120710667264001	1	5.572573222903816e-5
596525761	1	4.391395772266173e-5
776272687	1	0.5887896272003089
16073596	1	0.548072332514527
257993878	1	7.929414476403349e-5
3044819620	1	7.543710435971963e-5
2868467754	1	3.648856065500371e-5
14156466	1	3.996967492424509e-6
300479320	1	1.0536721118499802e-4
1015730719862198273	1	6.974863975462021e-5
278417777	1	0.022492311022017576
4023583938	1	8.072294102548738e-6
3587917655	1	7.549751365143237e-5
517107950	1	0.024889462192033994
15625450	1	3.6228838406728245e-5
925090420526284800	1	0.37873146190865187
1884398202	1	7.141242818618197e-5
741041871393153026	1	0.3615125002812857
10799642	1	7.779650495514626e-5
116473390	1	8.893574690684827e-5
275681295	1	7.317476158844764e-5
610088998	1	7.464420385037722e-5
1046740962	1	0.514366488706525
3952661537	1	0.6585450546823659
433650953	1	0.22827747831015302
1023771075040210944	1	8.851382430258246e-5
551774095	1	1.0743821764322328e-4
161838894	1	0.18083723036719176
540645536	1	9.124789937390321e-5
199439095	1	4.4249280224768977e-5
24554929	1	6.131245224700541e-5
42272176	1	7.283716351496964e-5
394334112	1	0.1992575038968051
5396782	1	0.9723032808615194
452943547	1	7.643178899523632e-5
280848678	1	1.1155354292338628e-4
2872639048	1	0.6272320984500478
850425172268118017	1	1.0813720125656775e-4
4288994138	1	0.8016534581842766
14346862	1	4.6926042754270763e-5
4005918077	1	0.03361711937057943
459352886	1	5.76394788422083e-5
30009042	1	2.341157459813126e-5
3253804451	1	3.812672810098752e-5
1828157862	1	9.7289290803279e-5
920406011793629189	1	0.4779839301484993
4314665908	1	1.0347727130367814e-4
56401749	1	2.4514563703308976e-5
448991059	1	0.7893426232244558
13957012	1	0.33409659678680903
1438492370	1	4.7791883037484026e-5
176781746	1	4.3862825091767256e-5
58157455	1	5.898156670380696e-5
772478217361817600	1	0.7876209388671666
996339746082361344	1	5.829507309983537e-5
718316416	1	1.1115873168368433e-4
938355857565388800	1	1.4077740897789934e-4
1662938636	1	0.21839585571884967
518298806	1	0.28229289131294805
27443378	1	0.9998657721254945
967547347	1	2.7489147352181184e-5
14368178	1	0.9998566360316687
3271105524	1	0.06649792934513445
171712286	1	5.476874110754466e-5
27076402	1	1.5745367891927854e-4
627768498	1	7.713291692336825e-5
29400366	1	1.6233322207268182e-4
1425704400	1	1.0954008084011533e-4
1685423414	1	4.7599416731314024e-5
2533117572	1	1.588836893859522e-4
3362591548	1	5.857025249720791e-5
83889335	1	1.3516308764421986e-4
351714786	1	1.5507653689507373e-4
989306943922720768	1	0.9215970579652935
2795551457	1	0.5002884620915437
767508881194885120	1	2.1885548293617703e-4
448885963	1	7.532271322726048e-5
2459034979	1	0.8739129324833986
226367460	1	1.338595087098814e-4
20071929	1	1.2457005511842188e-4
174857114	1	8.54809688093501e-5
886569368871518208	1	1.3051191042877372e-4
22403968	1	0.3897004273379408
1009889166404943872	1	1.1148785157700192e-4
85138554	1	2.265776771060264e-4
263519006	1	3.145397979924815e-4
42791181	1	2.3200098271246606e-4
301169465	1	2.9836736265711507e-4
103632922	1	1.0831454020795512e-4
885631081436913666	1	4.330153595903054e-4
4197404474	1	1.9764114922707612e-4
3351126045	1	0.1709588280857935
70775884	1	1.612095236928619e-4
906344600012328961	1	0.6868156851184013
150390897	1	2.9706491562378403e-4
28685983	1	3.1330365241365095e-4
18474087	1	2.4013005993297397e-4
14787107	1	4.017697972603298e-4
62186989	1	1.6223908978433e-4
2489281682	1	3.3178194159347074e-4
1082876013149851648	1	2.0433552181677042e-4
822321992	1	4.459000642140566e-4
14731789	1	4.873712499046705e-4
188965340	1	1.966187881457298e-4
6446052	1	4.903828224665479e-4
837322733784485888	1	0.32854467638759766
2333719058	1	0.9944899427141235
463219950	1	0.001024036882298252
710938809073012736	1	3.474313786332492e-4
1188877111	1	1.9120161113770476e-4
848271469012553728	1	0.001030277627162025
3916111	1	0.5767453594036785
821349290631135232	1	4.103054985831548e-4
701228833643569152	1	6.917598282984423e-4
2270738605	1	0.9953332976442002
309668325	1	6.83194533602419e-4
133872193	1	7.167590108766184e-4
2164510104	1	0.001183113980953327
3375288033	1	0.001229950475211941
15929341	1	0.001281652949597376
171323536	1	0.0013176323590666512
836258493090922496	1	0.0012805566384323402
76031435	1	0.0014025378980919696
4289272998	1	0.7161902883683405
42902766	1	7.508471959568529e-4
268334410	1	0.0015280008704790238
869389322855878658	2	1.000011813079506
2336909199	2	0.46870172315669184
195592527	2	1.6899410689024315e-5
19017604	2	4.2428242268745524e-4
1084650420	2	6.376052144872454e-5
17454769	2	0.1062549357908133
194343140	2	1.0000849063477133
2596589880	2	5.61059816254047e-5
17831138	2	1.5313452063115925e-5
18786099	2	0.8112118255605977
98678698	2	6.47824698775146e-5
465119611	2	6.840080491018813e-5
316327930	2	1.6879201081739396e-5
1006149495279771648	2	1.324001131572779e-5
1497105828	2	0.33848742273408633
225968641	2	5.394509398646595e-5
22277496	2	6.582332735176441e-5
36830025	2	8.771709382384531e-5
1398479138	2	0.003991787773668491
161163433	2	7.444993951921543e-5
636025744	2	8.556911742723323e-5
767256235	2	8.813701510594305e-5
77184521	2	5.499651082810756e-6
16187240	2	8.451032247710283e-5
15815757	2	2.7500774299157368e-5
50798026	2	5.9854991939908725e-5
2181212986	2	1.0200770679969923e-4
151915040	2	6.065186457922694e-5
129067238	2	3.0103637052842735e-5
1001562055	2	4.032365709700437e-5
2814040284	2	3.7512396693821065e-5
55706325	2	8.096949200452243e-5
118791480	2	5.170785230942081e-5
1560875191	2	3.509212883718087e-5
730523465447407616	2	7.916571035873545e-5
892120710667264001	2	6.320906889022034e-6
596525761	2	8.736018658541172e-5
776272687	2	0.003535388349741191
16073596	2	0.0108146273896281
257993878	2	4.9093141831935206e-5
3044819620	2	0.9999738796816623
2868467754	2	6.788071633571758e-5
14156466	2	8.705845753741974e-5
300479320	2	1.0346804657259815e-4
1015730719862198273	2	0.7000807613888534
278417777	2	1.6905290653887685e-5
4023583938	2	6.865074380163582e-5
3587917655	2	2.1857836600912343e-5
517107950	2	0.9751658648066328
15625450	2	5.016851300111985e-5
925090420526284800	2	0.15882206761973716
1884398202	2	7.588746975820434e-5
741041871393153026	2	0.6384927596439574
10799642	2	2.3320600256677778e-5
116473390	2	0.9999024380871998
275681295	2	7.376020544092329e-5
610088998	2	1.159224469994088e-5
1046740962	2	0.4856157517125545
3952661537	2	1.0306625274339305e-5
433650953	2	6.895345671949122e-5
1023771075040210944	2	0.9997091499869809
551774095	2	6.200720733454214e-5
161838894	2	8.826305689979436e-5
540645536	2	0.08169414118986934
199439095	2	2.5757073130630252e-5
24554929	2	2.5636473120811425e-5
42272176	2	0.999922470324293
394334112	2	0.5384193407280828
5396782	2	6.179985253874766e-5
452943547	2	1.3080850397453512e-4
280848678	2	0.577175136090261
2872639048	2	0.37277533972995913
850425172268118017	2	0.29577827008123053
4288994138	2	1.0355205800899576e-4
14346862	2	8.267152729923136e-5
4005918077	2	0.7546347088264728
459352886	2	1.1255882749935066e-4
30009042	2	1.0403285688879189e-4
3253804451	2	3.442563414511245e-5
1828157862	2	6.993720842317861e-5
920406011793629189	2	0.5220316548960263
4314665908	2	0.7995382241982082
56401749	2	7.96235232570753e-5
448991059	2	4.653375283491975e-5
13957012	2	5.7826372693190835e-5
1438492370	2	7.573451110165589e-5
176781746	2	4.897295396766807e-5
58157455	2	1.1308709989760223e-4
772478217361817600	2	3.269875317718423e-5
996339746082361344	2	7.019737781530249e-5
718316416	2	5.683838602765839e-5
938355857565388800	2	1.8749304722892905e-4
1662938636	2	9.9297434385158e-5
518298806	2	0.06375901696851995
27443378	2	7.122741636672581e-5
967547347	2	6.763110153203052e-5
14368178	2	5.206095623918794e-5
3271105524	2	1.3020515612978701e-4
171712286	2	1.0500300000420947e-4
27076402	2	8.216922678827866e-5
627768498	2	7.230331023011848e-5
29400366	2	0.9985702620260134
1425704400	2	7.265765900014198e-5
1685423414	2	1.0160614239738321e-4
2533117572	2	0.9991794816689834
3362591548	2	1.1550607234099921e-4
83889335	2	5.0104731730704756e-5
351714786	2	1.6340273738406024e-4
989306943922720768	2	1.3840684003206145e-4
2795551457	2	9.625478985808546e-5
767508881194885120	2	1.625969158627895e-4
448885963	2	8.081159287995216e-5
2459034979	2	1.271539529277202e-4
226367460	2	1.9568457381510416e-4
20071929	2	4.617466525981166e-5
174857114	2	0.15656127183012125
886569368871518208	2	9.722172567383698e-5
22403968	2	1.0979810410931323e-4
1009889166404943872	2	1.7983510420299385e-4
85138554	2	2.3421922444229217e-4
263519006	2	0.9974147066771868
42791181	2	2.6718097280011086e-4
301169465	2	3.320415937588755e-4
103632922	2	1.6177814339157092e-4
885631081436913666	2	0.9963858729311342
4197404474	2	0.6172519444238125
3351126045	2	0.47694888988112366
70775884	2	1.7407837362601048e-4
906344600012328961	2	1.5541359788920226e-4
150390897	2	3.340734830575915e-4
28685983	2	3.1694798104791016e-4
18474087	2	0.3896998159605774
14787107	2	4.249012414723662e-4
62186989	2	2.2531747674954167e-4
2489281682	2	2.9333266505210355e-4
1082876013149851648	2	2.761639124746506e-4
822321992	2	0.2958150132089465
14731789	2	4.984842439534126e-4
188965340	2	0.17421420795670284
6446052	2	5.240740299955889e-4
837322733784485888	2	0.15394238422989528
2333719058	2	5.675509000202698e-4
463219950	2	9.480054827101497e-4
710938809073012736	2	0.2931071834778591
1188877111	2	2.541690602383919e-4
848271469012553728	2	0.9890338583648497
3916111	2	0.00012542561999992981
821349290631135232	2	0.9960057213077972
701228833643569152	2	6.795166233853324e-4
2270738605	2	5.30475804669564e-4
309668325	2	6.582212779504148e-4
133872193	2	7.078312670878122e-4
2164510104	2	0.0011788801800308064
3375288033	2	0.0012234122864284802
15929341	2	0.0012850660682987931
171323536	2	0.0012985824070271676
836258493090922496	2	0.0012902161829272706
76031435	2	0.00144002080105841
4289272998	2	5.063127582080727e-4
42902766	2	7.722802300537018e-4
268334410	2	0.9836980672429464
869389322855878658	3	5.211553089021986e-5
2336909199	3	5.167643525981888e-5
195592527	3	4.901308401730186e-5
19017604	3	9.656642646218245e-5
1084650420	3	3.666063735687922e-5
17454769	3	6.95347158065152e-5
194343140	3	1.0088833898743305e-5
2596589880	3	4.892284129535103e-5
17831138	3	1.3552241865728693e-5
18786099	3	5.025338042800356e-5
98678698	3	1.000080336755873
465119611	3	0.20584531048021257
316327930	3	3.120676580104446e-5
1006149495279771648	3	1.2098625721380239e-5
1497105828	3	2.2362559499855968e-5
225968641	3	4.5589889760890305e-5
22277496	3	8.37540587619223e-5
36830025	3	3.5786082752427794e-5
1398479138	3	9.347506499438627e-5
161163433	3	9.197249606375232e-5
636025744	3	0.21776057680368482
767256235	3	8.732050921468012e-5
77184521	3	4.068257802640615e-5
16187240	3	3.180568016006399e-5
15815757	3	3.473330622726803e-5
50798026	3	0.12657541395157193
2181212986	3	9.970729317154645e-5
151915040	3	6.164257579755758e-6
129067238	3	6.0715621507817566e-5
1001562055	3	5.862266823807419e-5
2814040284	3	4.9954011080386015e-5
55706325	3	5.565819952938653e-5
118791480	3	2.0586728354907463e-5
1560875191	3	2.6937099500445003e-5
730523465447407616	3	4.958416543779891e-5
892120710667264001	3	8.669443572159206e-5
596525761	3	5.8605586028857865e-5
776272687	3	8.791610066497938e-5
16073596	3	6.592709756320253e-5
257993878	3	5.598451414281399e-5
3044819620	3	8.064691296991214e-5
2868467754	3	9.229764172129736e-5
14156466	3	4.2105319458806025e-5
300479320	3	4.401159784992982e-5
1015730719862198273	3	1.026513845163099e-4
278417777	3	3.231486167936489e-5
4023583938	3	9.027041091444626e-5
3587917655	3	3.06857512943588e-5
517107950	3	8.621248640911207e-5
15625450	3	3.3668880287699746e-5
925090420526284800	3	7.279524142758083e-5
1884398202	3	2.4379818883620612e-5
741041871393153026	3	3.158409252763781e-5
10799642	3	6.36127217499003e-5
116473390	3	8.305104363480993e-5
275681295	3	1.418841230019399e-4
610088998	3	9.771244585828241e-5
1046740962	3	3.67640877082867e-5
3952661537	3	6.558343926114072e-5
433650953	3	5.898103396333245e-5
1023771075040210944	3	9.512836712491863e-5
551774095	3	5.670880524399933e-5
161838894	3	4.5777637122608176e-5
540645536	3	8.064939485387015e-5
199439095	3	2.754204320653746e-5
24554929	3	4.547818080489627e-5
42272176	3	1.497912032764815e-5
394334112	3	9.797864979860346e-5
5396782	3	8.039209280435474e-5
452943547	3	0.5434006057521992
280848678	3	8.994515217117392e-5
2872639048	3	3.279108254307219e-5
850425172268118017	3	5.087753880713933e-5
4288994138	3	5.9157679156030476e-5
14346862	3	9.545425867199162e-5
4005918077	3	8.441713809024836e-5
459352886	3	5.816523872451424e-5
30009042	3	1.0577694788733801e-4
3253804451	3	3.0431762197343056e-5
1828157862	3	3.380534852649431e-5
920406011793629189	3	3.476535406562331e-5
4314665908	3	1.1327489983022728e-4
56401749	3	1.1536008349653214e-4
448991059	3	7.591056215216115e-6
13957012	3	3.5834717951527496e-5
1438492370	3	9.68099723943047e-5
176781746	3	3.9394506853893176e-5
58157455	3	1.3256671460337477e-4
772478217361817600	3	6.611173365177455e-5
996339746082361344	3	1.1597926388069415e-4
718316416	3	5.51783827939754e-5
938355857565388800	3	1.9805847422118183e-4
1662938636	3	1.4531645077769226e-4
518298806	3	4.344248952720753e-5
27443378	3	1.185860920171094e-4
967547347	3	3.5411874827148e-5
14368178	3	2.30579835935971e-5
3271105524	3	6.93513193279242e-5
171712286	3	4.007260552609691e-5
27076402	3	1.3200496695776653e-4
627768498	3	0.3812709231266776
29400366	3	1.6105739138007962e-4
1425704400	3	1.4215927352420228e-4
1685423414	3	8.94661044165132e-5
2533117572	3	1.2791720784278477e-4
3362591548	3	4.827394492317155e-5
83889335	3	0.5796986283877814
351714786	3	9.11250671235275e-5
989306943922720768	3	1.1109589663810075e-4
2795551457	3	1.261058266330372e-4
767508881194885120	3	2.1865460312952707e-4
448885963	3	8.111854269099223e-5
2459034979	3	1.6232988661659493e-4
226367460	3	1.3905633994554687e-4
20071929	3	8.726927148983272e-5
174857114	3	1.5636553710014105e-4
886569368871518208	3	1.1462749706815276e-4
22403968	3	9.528693743334984e-5
1009889166404943872	3	1.355659521707705e-4
85138554	3	1.6514765302978548e-4
263519006	3	2.446994182812419e-4
42791181	3	2.2768011479398575e-4
301169465	3	3.2205494479417427e-4
103632922	3	0.9992299191013867
885631081436913666	3	3.9590852251417406e-4
4197404474	3	2.3617148333557883e-4
3351126045	3	1.59057599085704e-4
70775884	3	1.990253868197444e-4
906344600012328961	3	1.1673404564799256e-4
150390897	3	3.5331253118187875e-4
28685983	3	3.729567796071031e-4
18474087	3	2.937562164847363e-4
14787107	3	0.3245722809731618
62186989	3	2.3460153479979443e-4
2489281682	3	3.1991323899649074e-4
1082876013149851648	3	2.3868036130769363e-4
822321992	3	3.999678318117921e-4
14731789	3	5.499716255001781e-4
188965340	3	2.6412067843254003e-4
6446052	3	0.528754903331215
837322733784485888	3	2.516320620439317e-4
2333719058	3	5.717760315636254e-4
463219950	3	0.0010366817946007463
710938809073012736	3	3.3647568748193e-4
1188877111	3	2.2466042576799438e-4
848271469012553728	3	0.0010375608749597625
3916111	3	2.1101237372033048e-4
821349290631135232	3	4.5016545455057116e-4
701228833643569152	3	6.987646515780089e-4
2270738605	3	4.8604238340050157e-4
309668325	3	6.912230422320742e-4
133872193	3	6.819590313659126e-4
2164510104	3	0.0012294247458770223
3375288033	3	0.0011648965878959037
15929341	3	0.001258364876649015
171323536	3	0.0012566729080496835
836258493090922496	3	0.0013029822412278925
76031435	3	0.0014475682707050849
4289272998	3	5.78347107919684e-4
42902766	3	7.968470495259346e-4
268334410	3	0.0015709201396133198
869389322855878658	4	1.0004819670856971e-4
2336909199	4	9.916780194276398e-6
195592527	4	3.0755536568071264e-5
19017604	4	2.179121860427572e-5
1084650420	4	6.603210419209667e-6
17454769	4	5.303101575140978e-5
194343140	4	8.687417200993776e-5
2596589880	4	8.454520522870173e-5
17831138	4	8.102004735254508e-5
18786099	4	0.010880517636103025
98678698	4	7.041917484674883e-5
465119611	4	0.030354920555180815
316327930	4	0.19274861003001187
1006149495279771648	4	2.9606274212701984e-5
1497105828	4	3.2752476052043517e-5
225968641	4	0.20841709213016835
22277496	4	9.275467158058567e-5
36830025	4	7.92364896609547e-6
1398479138	4	0.11219555895386264
161163433	4	7.818808856567342e-5
636025744	4	7.94679197242964e-5
767256235	4	4.8004704235811515e-5
77184521	4	4.006347494201996e-5
16187240	4	0.0028323583072053316
15815757	4	0.02741541811323946
50798026	4	2.345491670650394e-5
2181212986	4	3.371340840702175e-5
151915040	4	3.058371695440935e-5
129067238	4	8.370500740727321e-6
1001562055	4	8.621332645110043e-5
2814040284	4	8.409447590690337e-5
55706325	4	1.0000671667663699
118791480	4	5.338473189978803e-5
1560875191	4	0.3533305904570686
730523465447407616	4	8.64177877218237e-5
892120710667264001	4	1.8831345874197226e-5
596525761	4	0.9732868784487752
776272687	4	0.3201065670025409
16073596	4	0.015842583234205333
257993878	4	8.109875545511313e-5
3044819620	4	5.165642179295642e-5
2868467754	4	8.680110487416444e-5
14156466	4	0.8438779425737911
300479320	4	9.494278982988083e-5
1015730719862198273	4	0.03652009180440126
278417777	4	3.727334055301247e-5
4023583938	4	4.600575910275952e-5
3587917655	4	9.163220579785774e-5
517107950	4	9.513705853229347e-5
15625450	4	0.30495518532697824
925090420526284800	4	0.18970176442200623
1884398202	4	9.842621052816761e-5
741041871393153026	4	9.487453395972779e-5
10799642	4	2.9786383459687972e-5
116473390	4	8.186594690430277e-5
275681295	4	1.1962928094784396e-4
610088998	4	3.005443296248876e-5
1046740962	4	3.147302418353286e-5
3952661537	4	0.1525936844681508
433650953	4	0.5354871140603701
1023771075040210944	4	1.2964403087353484e-4
551774095	4	4.7127049094522865e-5
161838894	4	1.033967426814028e-4
540645536	4	3.237844750746436e-5
199439095	4	5.1497136460806005e-5
24554929	4	4.7271741702791025e-5
42272176	4	9.45402381080549e-5
394334112	4	7.370421036417753e-5
5396782	4	4.951442627976237e-5
452943547	4	1.0254109355369827e-4
280848678	4	9.402896943712102e-5
2872639048	4	2.6336392299956554e-5
850425172268118017	4	5.199598324894101e-5
4288994138	4	0.015105838001754942
14346862	4	0.39180948155425155
4005918077	4	8.656748186783044e-5
459352886	4	4.727523168219559e-5
30009042	4	5.191342852701287e-5
3253804451	4	0.3919152616245613
1828157862	4	1.6239454422890777e-5
920406011793629189	4	8.571104685439564e-5
4314665908	4	7.986851463291593e-5
56401749	4	1.1993075939395679e-4
448991059	4	0.21074976601683207
13957012	4	2.781179267059396e-5
1438492370	4	8.573959620206894e-5
176781746	4	1.57646618037538e-5
58157455	4	0.6069417822092169
772478217361817600	4	0.01717623684865213
996339746082361344	4	5.8902794793644106e-5
718316416	4	8.3767937227695e-5
938355857565388800	4	0.9987017014090596
1662938636	4	8.181979606414379e-5
518298806	4	2.222297526343527e-5
27443378	4	1.0712042142956394e-4
967547347	4	4.6236265141661314e-5
14368178	4	2.077722392190964e-5
3271105524	4	1.0857237883563372e-4
171712286	4	0.3637924146871271
27076402	4	0.8582883694420532
627768498	4	7.092751423615546e-5
29400366	4	1.5310673305218367e-4
1425704400	4	7.178400547931675e-5
1685423414	4	1.091496500116033e-4
2533117572	4	1.1282242054129311e-4
3362591548	4	1.0336412149341546e-4
83889335	4	6.909520932430674e-5
351714786	4	1.0295565199136798e-4
989306943922720768	4	1.2398436048077202e-4
2795551457	4	7.600999656693494e-5
767508881194885120	4	1.999261195215389e-4
448885963	4	9.598522273753632e-5
2459034979	4	1.0006220147056608e-4
226367460	4	1.582939163706316e-4
20071929	4	0.9997316411825733
174857114	4	1.490681695207892e-4
886569368871518208	4	1.904902450344384e-4
22403968	4	0.4143255787065793
1009889166404943872	4	1.957882015557412e-4
85138554	4	1.785855917898223e-4
263519006	4	2.863372221514946e-4
42791181	4	2.50367120394926e-4
301169465	4	2.8222499399121825e-4
103632922	4	1.3309574860019769e-4
885631081436913666	4	3.598727530813988e-4
4197404474	4	2.260601842249846e-4
3351126045	4	1.7653105749127369e-4
70775884	4	2.231892243643673e-4
906344600012328961	4	1.4933196676149204e-4
150390897	4	2.860307623616273e-4
28685983	4	3.420684410571345e-4
18474087	4	0.6082147465808584
14787107	4	4.4417680428679164e-4
62186989	4	1.5850891753949647e-4
2489281682	4	3.106697152246421e-4
1082876013149851648	4	2.305062013710768e-4
822321992	4	3.7915029204070556e-4
14731789	4	0.9946778723531953
188965340	4	2.2783597103903557e-4
6446052	4	5.125797915305004e-4
837322733784485888	4	2.3970296948770532e-4
2333719058	4	5.509265495236985e-4
463219950	4	0.9897261138747314
710938809073012736	4	3.2773383549277704e-4
1188877111	4	1.7834921988632883e-4
848271469012553728	4	0.0010763800683341435
3916111	4	0.42214665207919505
821349290631135232	4	4.4237702327865687e-4
701228833643569152	4	6.732148674848357e-4
2270738605	4	4.871207657910771e-4
309668325	4	6.89460549067797e-4
133872193	4	6.788007041971083e-4
2164510104	4	0.0012112175196024894
3375288033	4	0.9873710161044764
15929341	4	0.001319924492631714
171323536	4	0.001278215595810349
836258493090922496	4	0.0012657480832521293
76031435	4	0.001421112290840963
4289272998	4	5.074109017269724e-4
42902766	4	0.9921993143237644
268334410	4	0.0015083966378977053
869389322855878658	5	3.962178693312674e-5
2336909199	5	4.098698879012959e-5
195592527	5	5.252397603589681e-5
19017604	5	8.103399100868861e-5
1084650420	5	9.259442065357233e-5
17454769	5	1.820781953301316e-5
194343140	5	4.454984274918556e-5
2596589880	5	0.9999935927665089
17831138	5	3.259543527404922e-5
18786099	5	4.365309166054033e-5
98678698	5	4.4204797171502135e-5
465119611	5	6.780342483174833e-5
316327930	5	0.395962512527906
1006149495279771648	5	1.0000593163296816
1497105828	5	4.895420304201417e-6
225968641	5	0.439920209374742
22277496	5	0.9663057988341675
36830025	5	5.680532478112811e-5
1398479138	5	5.846054871613835e-5
161163433	5	9.380659480229298e-5
636025744	5	5.1049504451879864e-5
767256235	5	0.9999655922756957
77184521	5	8.974683651241231e-5
16187240	5	0.012713069695878527
15815757	5	9.71904683459796e-5
50798026	5	3.211394545721981e-5
2181212986	5	2.7553792983452837e-5
151915040	5	9.991290196979866e-5
129067238	5	0.010889026384838019
1001562055	5	3.562824930690034e-5
2814040284	5	6.904376631002581e-5
55706325	5	4.0199883732264667e-5
118791480	5	8.307788111625124e-5
1560875191	5	0.11269617623928664
730523465447407616	5	9.582966690774963e-5
892120710667264001	5	0.7965543679601196
596525761	5	0.026772167730777275
776272687	5	6.304557166917745e-6
16073596	5	7.124119206656058e-5
257993878	5	0.005345583384646785
3044819620	5	3.810435313012735e-5
2868467754	5	1.876782350965734e-5
14156466	5	0.08070674238736167
300479320	5	7.93112464505864e-5
1015730719862198273	5	5.869684831390326e-5
278417777	5	0.5058699579484344
4023583938	5	1.00002483429636
3587917655	5	9.244001665203879e-5
517107950	5	1.131713661226854e-5
15625450	5	3.172547696819802e-5
925090420526284800	5	1.2916851168442523e-5
1884398202	5	4.827507980813406e-5
741041871393153026	5	8.005503627471327e-5
10799642	5	3.6761824333447845e-6
116473390	5	9.818662270207762e-5
275681295	5	5.285090483143228e-5
610088998	5	0.9193888065459777
1046740962	5	3.3635034825269376e-5
3952661537	5	7.45586163564487e-5
433650953	5	8.494696958378632e-5
1023771075040210944	5	1.2156545320139306e-4
551774095	5	6.519815097986179e-5
161838894	5	0.8191690381971414
540645536	5	6.91009388397474e-5
199439095	5	8.137098414284147e-5
24554929	5	1.000010316795524
42272176	5	2.407115132781418e-5
394334112	5	1.0510561840875722e-4
5396782	5	7.541955629163722e-5
452943547	5	6.959691872107014e-5
280848678	5	7.393140390259382e-5
2872639048	5	2.4802498105670968e-5
850425172268118017	5	9.88749870978665e-5
4288994138	5	0.18333348226930898
14346862	5	4.1049320614094816e-5
4005918077	5	4.8567556128729586e-5
459352886	5	4.555296599534959e-5
30009042	5	0.9998942318320241
3253804451	5	0.5317359532687395
1828157862	5	0.99991318739111
920406011793629189	5	6.69185691852071e-5
4314665908	5	1.380549830916679e-4
56401749	5	0.9997861464809867
448991059	5	5.098879751437543e-5
13957012	5	6.601369552395236e-5
1438492370	5	7.889644425831386e-5
176781746	5	4.339991767880505e-5
58157455	5	1.1579546396615076e-4
772478217361817600	5	0.15846539913620128
996339746082361344	5	0.999719132917561
718316416	5	0.999779228074963
938355857565388800	5	1.4786948663547233e-4
1662938636	5	0.7809483407586338
518298806	5	6.257721902253129e-5
27443378	5	5.234492730207218e-5
967547347	5	9.070597963234995e-5
14368178	5	2.0058968650643708e-5
3271105524	5	7.499087558777856e-5
171712286	5	9.412090200933039e-5
27076402	5	0.14103519712143653
627768498	5	0.01568044603400066
29400366	5	1.4680223727052432e-4
1425704400	5	0.9995780976727827
1685423414	5	1.271025954675016e-4
2533117572	5	9.552552527290225e-5
3362591548	5	0.45290234078033387
83889335	5	4.5434180008766e-5
351714786	5	0.999232491709093
989306943922720768	5	1.5008491181779014e-4
2795551457	5	9.11574536990274e-5
767508881194885120	5	0.9985975867708743
448885963	5	1.7818350893728663e-5
2459034979	5	0.12541767656489503
226367460	5	0.9989100833460123
20071929	5	4.867773856842621e-5
174857114	5	1.2668446394763414e-4
886569368871518208	5	1.5819450920215197e-4
22403968	5	1.0778519043513318e-4
1009889166404943872	5	0.9988658276485116
85138554	5	2.2045718661371457e-4
263519006	5	2.7333111822795084e-4
42791181	5	1.8979963999938922e-4
301169465	5	3.2597677996523716e-4
103632922	5	1.5420254170299096e-4
885631081436913666	5	4.241457959418358e-4
4197404474	5	1.6126973048645812e-4
3351126045	5	1.3669909216773005e-4
70775884	5	0.9985445478792512
906344600012328961	5	0.3125257992472857
150390897	5	0.6951690736591245
28685983	5	0.07391863401523462
18474087	5	2.6986649860595227e-4
14787107	5	3.908651947168618e-4
62186989	5	0.9985633097717488
2489281682	5	3.287382430274403e-4
1082876013149851648	5	0.27486931419726446
822321992	5	4.0983457523017754e-4
14731789	5	5.673645771460699e-4
188965340	5	2.5605116723223704e-4
6446052	5	0.4665819217250333
837322733784485888	5	2.7635262115014364e-4
2333719058	5	5.997708371380363e-4
463219950	5	0.0010353244011916149
710938809073012736	5	0.704245927735554
1188877111	5	2.1607399295991465e-4
848271469012553728	5	0.0010155447395661186
3916111	5	1.2513455098494061e-4
821349290631135232	5	4.215756483105179e-4
701228833643569152	5	7.166086266814601e-4
2270738605	5	4.8136743083016333e-4
309668325	5	7.304032593333128e-4
133872193	5	6.808340222175179e-4
2164510104	5	0.0012509157886809916
3375288033	5	0.0012095401536987413
15929341	5	0.0012790912100445948
171323536	5	0.0012772361408552677
836258493090922496	5	0.0012912501300551419
76031435	5	0.0014487083790138378
4289272998	5	5.826603541735744e-4
42902766	5	7.248891737144411e-4
268334410	5	0.0015027056739821425
869389322855878658	6	1.9165684093499703e-5
2336909199	6	6.936488685088439e-5
195592527	6	8.051364224066266e-6
19017604	6	6.970145308081318e-6
1084650420	6	9.093217656441266e-5
17454769	6	7.348723296543904e-6
194343140	6	2.6890151516968075e-5
2596589880	6	2.3233202889356844e-5
17831138	6	3.527729923386433e-5
18786099	6	4.1480404010876026e-5
98678698	6	9.742598696107338e-5
465119611	6	7.88324249231523e-5
316327930	6	4.404851194213073e-5
1006149495279771648	6	6.67562644695872e-5
1497105828	6	9.880439059499767e-5
225968641	6	1.0059569921613152e-4
22277496	6	8.596755543017982e-5
36830025	6	2.953138126465584e-6
1398479138	6	2.4876654716765886e-5
161163433	6	5.379464389421314e-5
636025744	6	0.7822906636511209
767256235	6	5.18390091012748e-5
77184521	6	3.937752913683681e-5
16187240	6	4.4474196763352724e-5
15815757	6	2.9358621344016656e-5
50798026	6	0.7817014008997994
2181212986	6	0.9999918894860215
151915040	6	1.0000203765595796
129067238	6	3.117356932071309e-5
1001562055	6	1.000001558743777
2814040284	6	4.251681321630476e-5
55706325	6	2.5760399325116018e-5
118791480	6	4.321051256634239e-5
1560875191	6	0.010209925207637898
730523465447407616	6	4.2478742370215637e-5
892120710667264001	6	4.412234937060105e-5
596525761	6	4.3819614326778346e-5
776272687	6	5.9327165863320206e-5
16073596	6	9.549197104160929e-5
257993878	6	0.9728821067529294
3044819620	6	3.392867334867422e-5
2868467754	6	4.5528896500196414e-5
14156466	6	3.947266420892563e-5
300479320	6	0.9998346251013892
1015730719862198273	6	7.047617281473424e-5
278417777	6	5.200990617448736e-5
4023583938	6	6.4757948432610975e-05
3587917655	6	1.0000015841498542
517107950	6	8.385826252262434e-5
15625450	6	9.954204164185442e-5
925090420526284800	6	6.067893578110069e-5
1884398202	6	0.999973199433958
741041871393153026	6	3.558908218519474e-5
10799642	6	4.006027253935873e-5
116473390	6	3.3914163687753253e-5
275681295	6	0.9994544772300485
610088998	6	8.596283925546416e-5
1046740962	6	9.96521449122217e-5
3952661537	6	7.928132235207598e-5
433650953	6	6.216296834333123e-5
1023771075040210944	6	1.2340559433760546e-4
551774095	6	0.9999697821900714
161838894	6	1.5093657451104945e-5
540645536	6	7.402657029209168e-5
199439095	6	1.000020267294346
24554929	6	3.3419191217652037e-5
42272176	6	9.489368892507648e-5
394334112	6	1.7001346915811293e-5
5396782	6	9.707516602977187e-5
452943547	6	4.46745247834603e-5
280848678	6	5.1351086308468426e-5
2872639048	6	4.3495551129525036e-5
850425172268118017	6	5.165722509331307e-5
4288994138	6	6.891520132358218e-5
14346862	6	0.48121031761773914
4005918077	6	9.256717940318226e-5
459352886	6	0.5772784946929858
30009042	6	1.0966102000016514e-4
3253804451	6	6.293968693289456e-5
1828157862	6	7.131684121006687e-5
920406011793629189	6	4.2714172495890664e-5
4314665908	6	9.476650595396601e-5
56401749	6	6.640040424687411e-5
448991059	6	1.9401494969274168e-5
13957012	6	7.206748155026428e-5
1438492370	6	0.2625511250025221
176781746	6	1.0845808886914236e-4
58157455	6	9.939952296198181e-5
772478217361817600	6	4.700202388132506e-5
996339746082361344	6	4.371684966182968e-5
718316416	6	1.2046328367346429e-4
938355857565388800	6	1.9258917674321323e-4
1662938636	6	1.3495534638897525e-4
518298806	6	2.070397803938061e-5
27443378	6	4.853282621451742e-5
967547347	6	0.9997922689205971
14368178	6	9.292258320986961e-5
3271105524	6	3.801381344625649e-5
171712286	6	0.6360985518411777
27076402	6	1.721511955357253e-4
627768498	6	0.602640170220492
29400366	6	1.4410197736148747e-4
1425704400	6	1.1589306907484344e-4
1685423414	6	5.2029789627907344e-5
2533117572	6	8.603353353226688e-5
3362591548	6	1.0424404125519449e-4
83889335	6	0.4199872440868847
351714786	6	9.50409874881807e-5
989306943922720768	6	1.6083245735624675e-4
2795551457	6	8.006618631162683e-5
767508881194885120	6	1.748363349263484e-4
448885963	6	8.439631540258175e-5
2459034979	6	9.963773039208753e-5
226367460	6	1.2681455387910515e-4
20071929	6	8.136729216073489e-5
174857114	6	9.865742425118644e-5
886569368871518208	6	1.6845278763911507e-4
22403968	6	7.670839955384163e-5
1009889166404943872	6	2.0168483141450835e-4
85138554	6	1.5392653126597612e-4
263519006	6	2.754025561893808e-4
42791181	6	2.3783751495410653e-4
301169465	6	0.9971676132649725
103632922	6	1.320837175647039e-4
885631081436913666	6	3.665273031932495e-4
4197404474	6	1.959409678294653e-4
3351126045	6	1.975271759678898e-4
70775884	6	1.6087281477278684e-4
906344600012328961	6	8.308870817716409e-5
150390897	6	3.1943298990212975e-4
28685983	6	3.611629917598269e-4
18474087	6	3.0961072188770975e-4
14787107	6	4.057179326316364e-4
62186989	6	1.8410791022622385e-4
2489281682	6	2.9640871063977604e-4
1082876013149851648	6	2.1707010332354761e-4
822321992	6	4.4282037238209344e-4
14731789	6	5.168629160735738e-4
188965340	6	2.2121789009895004e-4
6446052	6	5.532245778278298e-4
837322733784485888	6	1.8981294271157694e-4
2333719058	6	5.953757212502855e-4
463219950	6	0.0010018388325741504
710938809073012736	6	2.863015123722091e-4
1188877111	6	0.9980864362155393
848271469012553728	6	0.0010572016423478225
3916111	6	2.0494511648548423e-4
821349290631135232	6	3.908161360266826e-4
701228833643569152	6	6.860579371751129e-4
2270738605	6	4.7210401272752166e-4
309668325	6	6.551352324961656e-4
133872193	6	0.9928571406406786
2164510104	6	0.987404880788274
3375288033	6	0.0012375290206947623
15929341	6	0.0013422086939314866
171323536	6	0.0012611625457281549
836258493090922496	6	0.0012643906402500767
76031435	6	0.985132415993148
4289272998	6	5.196653050722612e-4
42902766	6	7.214117792267269e-4
268334410	6	0.001504248034108192
869389322855878658	7	2.7892668449087213e-5
2336909199	7	5.161801496289902e-6
195592527	7	1.3681811962829602e-5
19017604	7	1.7573054238533992e-5
1084650420	7	0.9697584904274685
17454769	7	5.917373935818368e-5
194343140	7	8.204917489781327e-5
2596589880	7	3.048555704094093e-5
17831138	7	1.6764467558940204e-5
18786099	7	1.5167448355717291e-5
98678698	7	9.863491772627534e-5
465119611	7	4.433892504524734e-5
316327930	7	0.03811187938398804
1006149495279771648	7	4.4724409282163154e-5
1497105828	7	6.958389324288882e-5
225968641	7	7.388543573961796e-5
22277496	7	6.003438019886029e-5
36830025	7	4.2297766561109346e-5
1398479138	7	9.163432532031818e-5
161163433	7	3.111103491995437e-5
636025744	7	8.538740500762416e-5
767256235	7	5.0409457191585966e-5
77184521	7	7.830055948354853e-5
16187240	7	2.8335812304610305e-6
15815757	7	6.760210521252268e-5
50798026	7	4.562243187893506e-5
2181212986	7	3.794500933598529e-5
151915040	7	8.01151317565261e-5
129067238	7	3.053339052292928e-5
1001562055	7	8.798431828312368e-5
2814040284	7	9.525456216513633e-5
55706325	7	4.927501532559146e-5
118791480	7	1.006282719819615e-4
1560875191	7	9.074103685633819e-5
730523465447407616	7	2.2796806100478963e-5
892120710667264001	7	6.075704406698563e-5
596525761	7	9.611819469296409e-5
776272687	7	3.614743779134594e-5
16073596	7	6.374189333375856e-5
257993878	7	3.632372578743683e-5
3044819620	7	1.8745518389457683e-5
2868467754	7	2.3497002523246222e-5
14156466	7	1.847584919601433e-5
300479320	7	9.825891996973295e-5
1015730719862198273	7	8.823766137133813e-6
278417777	7	6.101594518116112e-5
4023583938	7	1.9979350565500382e-5
3587917655	7	6.727460377436605e-5
517107950	7	1.905313763624078e-5
15625450	7	0.24495111311906637
925090420526284800	7	3.204728263334845e-5
1884398202	7	2.264256926434438e-5
741041871393153026	7	2.2867232370226982e-5
10799642	7	2.3564977740335462e-5
116473390	7	1.1056531691227974e-4
275681295	7	9.729999974719622e-5
610088998	7	8.041260641413322e-6
1046740962	7	2.689896732902792e-5
3952661537	7	2.9901176478321015e-5
433650953	7	9.295605811372836e-6
1023771075040210944	7	3.656372849908579e-5
551774095	7	2.763074003582358e-5
161838894	7	1.7766881391813978e-5
540645536	7	3.5597693440395076e-5
199439095	7	5.2179234653536265e-6
24554929	7	8.892090943148193e-5
42272176	7	3.657201322031539e-5
394334112	7	9.422746540316886e-5
5396782	7	0.011195232151074982
452943547	7	1.1103477559734805e-4
280848678	7	4.442278600977227e-5
2872639048	7	1.9959176919192126e-5
850425172268118017	7	2.271798198987003e-5
4288994138	7	4.103668948684392e-5
14346862	7	8.479233426179361e-6
4005918077	7	6.482341511167007e-5
459352886	7	8.619314834610585e-5
30009042	7	2.4652085138193933e-5
3253804451	7	7.601675731062454e-5
1828157862	7	2.0883743150895358e-5
920406011793629189	7	1.0096343391240435e-4
4314665908	7	9.246267167116818e-5
56401749	7	4.600355890149538e-5
448991059	7	6.020742379746137e-5
13957012	7	8.02541418147588e-5
1438492370	7	7.415628357794478e-5
176781746	7	3.497572906300807e-5
58157455	7	0.39272081765107847
772478217361817600	7	2.273816392207518e-5
996339746082361344	7	1.1641325698740477e-4
718316416	7	9.5746771606224e-5
938355857565388800	7	2.0866171023241415e-4
1662938636	7	8.181424871109516e-5
518298806	7	3.785296806045774e-5
27443378	7	1.0788981851045765e-4
967547347	7	9.786984242324895e-5
14368178	7	1.0734226218098534e-4
3271105524	7	9.566136557791064e-5
171712286	7	3.4513241401884505e-5
27076402	7	1.473589694810183e-4
627768498	7	9.529239182148146e-5
29400366	7	2.2565726769542592e-4
1425704400	7	1.0787329678645487e-4
1685423414	7	1.262602767603342e-4
2533117572	7	9.858313805433778e-5
3362591548	7	0.49192057812997536
83889335	7	1.328057168885593e-4
351714786	7	1.6907100059120717e-4
989306943922720768	7	0.07774107347741832
2795551457	7	1.3714425827471136e-4
767508881194885120	7	2.2647279444177633e-4
448885963	7	4.775870317991979e-5
2459034979	7	1.0630576130507832e-4
226367460	7	1.4775417294994722e-4
20071929	7	3.0733131429765534e-5
174857114	7	1.3000590909885288e-4
886569368871518208	7	1.2157689317363026e-4
22403968	7	1.2604595974839117e-4
1009889166404943872	7	2.0132303424752132e-4
85138554	7	1.9577663756769405e-4
263519006	7	2.9531670971032144e-4
42791181	7	2.3536368231054903e-4
301169465	7	3.424949058578588e-4
103632922	7	1.3623493061736913e-4
885631081436913666	7	4.337993834181793e-4
4197404474	7	2.39471214258598e-4
3351126045	7	1.6971676844481162e-4
70775884	7	1.9893328507071057e-4
906344600012328961	7	7.212729404865143e-5
150390897	7	3.453025832290672e-4
28685983	7	2.844656777880137e-4
18474087	7	2.9634615513464706e-4
14787107	7	4.016953252613571e-4
62186989	7	1.7654093398165638e-4
2489281682	7	3.106496866437291e-4
1082876013149851648	7	2.4635753704095104e-4
822321992	7	4.1547158008526405e-4
14731789	7	5.686621936390268e-4
188965340	7	2.6496042245186696e-4
6446052	7	5.461809476404379e-4
837322733784485888	7	1.8557978265539607e-4
2333719058	7	5.640299240365716e-4
463219950	7	9.440390972115087e-4
710938809073012736	7	2.8573577579436827e-4
1188877111	7	1.9488562251882412e-4
848271469012553728	7	0.0010378509522325698
3916111	7	2.0966912523845118e-4
821349290631135232	7	3.934140613730348e-4
701228833643569152	7	0.9928863795533516
2270738605	7	4.7399825730245576e-4
309668325	7	6.769373633033738e-4
133872193	7	7.459142780230354e-4
2164510104	7	0.0011812095140188248
3375288033	7	0.0011746559609973123
15929341	7	0.001299103030758577
171323536	7	0.0012545253545377974
836258493090922496	7	0.0012647354810597796
76031435	7	0.0014171276533756388
4289272998	7	5.522593769364016e-4
42902766	7	7.282611964801344e-4
268334410	7	0.001570578986934143
869389322855878658	8	7.1647970907666265e-6
2336909199	8	7.813657753855266e-6
195592527	8	1.0372071953317389e-5
19017604	8	6.47637156874938e-5
1084650420	8	8.779900146108033e-5
17454769	8	6.80192900649881e-5
194343140	8	8.351068722508512e-6
2596589880	8	8.424756615219336e-5
17831138	8	1.0000418362028647
18786099	8	7.055225489932524e-5
98678698	8	2.5985715509901744e-5
465119611	8	0.7638950187462751
316327930	8	6.078837803331467e-5
1006149495279771648	8	4.334907787848883e-5
1497105828	8	6.669991745294103e-5
225968641	8	3.499121294624697e-5
22277496	8	3.540521857703954e-6
36830025	8	6.887698964525927e-5
1398479138	8	7.024236289831744e-5
161163433	8	4.342625493318797e-5
636025744	8	5.4223769483544055e-5
767256235	8	1.4847952604050265e-5
77184521	8	1.0000570925644736
16187240	8	5.570960932281925e-5
15815757	8	8.383558325672413e-5
50798026	8	8.658559174254582e-6
2181212986	8	8.046654040160886e-6
151915040	8	1.938564179209525e-5
129067238	8	5.660302241639118e-5
1001562055	8	3.3972120351826425e-5
2814040284	8	0.13716690120183198
55706325	8	4.485588686838617e-5
118791480	8	6.313010258961133e-5
1560875191	8	9.94886200183963e-5
730523465447407616	8	3.859072983131203e-5
892120710667264001	8	7.81241242236939e-5
596525761	8	6.28999504160524e-5
776272687	8	0.08270230598622227
16073596	8	4.306597671327547e-5
257993878	8	9.283848929361281e-5
3044819620	8	2.199120282410869e-5
2868467754	8	0.9999865579139205
14156466	8	1.781918917853147e-5
300479320	8	9.458213355632104e-5
1015730719862198273	8	4.544853644599702e-5
278417777	8	0.4057404809404786
4023583938	8	2.56707731340969e-5
3587917655	8	1.1420599851324583e-5
517107950	8	9.876529253878854e-5
15625450	8	6.784983743659864e-5
925090420526284800	8	2.926689680568506e-5
1884398202	8	6.006205046728754e-5
741041871393153026	8	2.94407274294888e-5
10799642	8	5.486202012411232e-5
116473390	8	7.732302521126818e-5
275681295	8	7.273400631150495e-5
610088998	8	1.027972233885436e-4
1046740962	8	1.1651361820793083e-5
3952661537	8	1.005709645307019e-4
433650953	8	9.500503923207579e-5
1023771075040210944	8	3.591100636951448e-5
551774095	8	1.103911736323776e-4
161838894	8	7.686784829238396e-5
540645536	8	5.187880167266831e-5
199439095	8	1.5032247020117141e-5
24554929	8	4.2961405948417104e-5
42272176	8	8.100345340327795e-5
394334112	8	8.805618870339175e-5
5396782	8	9.10905313099888e-5
452943547	8	0.37942835201660996
280848678	8	8.388733517120362e-5
2872639048	8	5.435764135855284e-5
850425172268118017	8	5.3382677370128356e-5
4288994138	8	9.65864315677809e-6
14346862	8	2.426829111312756e-5
4005918077	8	2.9573522908535844e-5
459352886	8	5.1529712040385875e-5
30009042	8	8.889501254230017e-5
3253804451	8	3.05472673376167e-5
1828157862	8	7.17226358016807e-5
920406011793629189	8	5.052812566180871e-5
4314665908	8	4.7576794919689264e-5
56401749	8	8.995980864424439e-5
448991059	8	8.033174108404609e-5
13957012	8	0.13472442156709177
1438492370	8	1.0567777356133918e-4
176781746	8	2.3401258275732617e-5
58157455	8	5.211623820001925e-5
772478217361817600	8	8.136013509151563e-5
996339746082361344	8	7.273643482050404e-5
718316416	8	7.27885978636956e-5
938355857565388800	8	1.3829432951184813e-4
1662938636	8	1.2637596816314736e-4
518298806	8	6.0546823329392564e-5
27443378	8	6.247373653433498e-5
967547347	8	7.156220797275843e-5
14368178	8	8.651141301868701e-5
3271105524	8	1.2580708105769015e-4
171712286	8	8.611437813380073e-5
27076402	8	1.390520935862389e-4
627768498	8	1.3858391489621788e-4
29400366	8	1.7677543369509793e-4
1425704400	8	5.9603367491974844e-5
1685423414	8	0.9412869481097057
2533117572	8	1.5193479549615072e-4
3362591548	8	3.102984942821305e-5
83889335	8	6.762966668657197e-5
351714786	8	1.0628340990313511e-4
989306943922720768	8	1.0845265013174763e-4
2795551457	8	7.54411161001725e-5
767508881194885120	8	1.9273575119701516e-4
448885963	8	4.93537743708925e-5
2459034979	8	8.563009663060103e-5
226367460	8	1.5480197385595729e-4
20071929	8	5.7985523877353825e-5
174857114	8	9.408855421150569e-5
886569368871518208	8	0.999031935991922
22403968	8	8.7092707076191135e-05
1009889166404943872	8	1.389749376393334e-4
85138554	8	0.9984053456377204
263519006	8	2.9955509262349634e-4
42791181	8	1.9207743978824973e-4
301169465	8	3.298719117897775e-4
103632922	8	1.524150687443126e-4
885631081436913666	8	3.819872805164389e-4
4197404474	8	1.9708444829427056e-4
3351126045	8	2.0980304271292797e-4
70775884	8	1.3711504637370969e-4
906344600012328961	8	9.14326810017114e-5
150390897	8	0.3022402562711187
28685983	8	3.0025802700173735e-4
18474087	8	2.8134007696030227e-4
14787107	8	3.651642615333251e-4
62186989	8	2.1974360923201873e-4
2489281682	8	3.463190351723183e-4
1082876013149851648	8	2.3490335655259307e-4
822321992	8	4.0952398867430965e-4
14731789	8	5.548421812595763e-4
188965340	8	1.903351775755062e-4
6446052	8	5.409263383396764e-4
837322733784485888	8	0.44813248065297345
2333719058	8	5.164646765455574e-4
463219950	8	0.0010283761850252713
710938809073012736	8	2.916543116639384e-4
1188877111	8	2.348145913982186e-4
848271469012553728	8	0.0010629174591650576
3916111	8	2.1512565770657023e-4
821349290631135232	8	4.271536895268714e-4
701228833643569152	8	6.587048651716529e-4
2270738605	8	4.879127975262432e-4
309668325	8	7.07331374829717e-4
133872193	8	7.052995822458446e-4
2164510104	8	0.0011599605918710418
3375288033	8	0.001234802810064258
15929341	8	0.9863548128347684
171323536	8	0.001295652134656568
836258493090922496	8	0.0013029647247499276
76031435	8	0.001377633029805867
4289272998	8	5.807006850259405e-4
42902766	8	7.549462526636161e-4
268334410	8	0.0015641625131403427
869389322855878658	9	6.464211793775309e-5
2336909199	9	3.021512348558867e-5
195592527	9	8.05319497899614e-5
19017604	9	6.340711872245434e-5
1084650420	9	7.009395919707091e-5
17454769	9	2.448455542923521e-5
194343140	9	1.7419859010233598e-5
2596589880	9	2.043072669562404e-5
17831138	9	1.1784156109372314e-5
18786099	9	8.797718182944488e-5
98678698	9	5.882267751220458e-5
465119611	9	8.735622265590628e-5
316327930	9	7.225574479178585e-5
1006149495279771648	9	5.011012959292852e-5
1497105828	9	4.1656173417944056e-5
225968641	9	0.21237922075584148
22277496	9	9.187339206447434e-5
36830025	9	7.930646393766163e-5
1398479138	9	6.338969246526919e-5
161163433	9	2.3966855282356284e-5
636025744	9	2.2195191028915925e-5
767256235	9	7.699532356273846e-5
77184521	9	6.887166365986521e-5
16187240	9	5.0367380449288807e-5
15815757	9	6.295941204951536e-5
50798026	9	4.1569884373752115e-5
2181212986	9	5.575204657967171e-5
151915040	9	5.287046628280549e-5
129067238	9	8.993669080834057e-5
1001562055	9	3.262270572289272e-5
2814040284	9	5.868452007281807e-5
55706325	9	4.38622954845049e-5
118791480	9	1.0000571875211617
1560875191	9	5.4401696800201424e-5
730523465447407616	9	4.706386161392296e-5
892120710667264001	9	0.20345649555063397
596525761	9	1.7562683195950956e-5
776272687	9	6.806084245366891e-6
16073596	9	7.797905582567481e-6
257993878	9	9.733860270576861e-6
3044819620	9	7.078667637638954e-5
2868467754	9	9.466648914186111e-5
14156466	9	5.787621782243539e-5
300479320	9	5.708601786992689e-5
1015730719862198273	9	9.919949154989032e-5
278417777	9	4.2140560151873385e-5
4023583938	9	4.3629117909395245e-5
3587917655	9	2.807116288742661e-5
517107950	9	6.491333999065028e-5
15625450	9	7.060125931836265e-5
925090420526284800	9	6.64056055797341e-5
1884398202	9	4.705084124292423e-5
741041871393153026	9	1.2653767429354798e-5
10799642	9	0.8537119182019166
116473390	9	1.0080898702381419e-4
275681295	9	6.0682930754260664e-5
610088998	9	1.2087079317627225e-5
1046740962	9	3.9452401659064e-5
3952661537	9	4.882224872375749e-5
433650953	9	1.717369341216663e-5
1023771075040210944	9	5.5386617040125186e-5
551774095	9	3.289044038819578e-5
161838894	9	1.0658300484756874e-4
540645536	9	3.937889298884741e-5
199439095	9	7.939891715931733e-5
24554929	9	5.670789404275393e-5
42272176	9	7.509858236416823e-5
394334112	9	8.781081619472651e-5
5396782	9	8.90048564764552e-5
452943547	9	3.4906838510505754e-5
280848678	9	4.775092245752222e-5
2872639048	9	8.969746446766084e-5
850425172268118017	9	6.038626867295319e-5
4288994138	9	7.315630313994162e-5
14346862	9	4.83538518567674e-5
4005918077	9	8.479722787617474e-5
459352886	9	8.612843039113606e-5
30009042	9	1.0383200427675776e-4
3253804451	9	0.0764434466083604
1828157862	9	3.986645612194817e-5
920406011793629189	9	3.907174639070202e-5
4314665908	9	1.2588101246593141e-4
56401749	9	8.488834057501432e-5
448991059	9	6.88653724237291e-5
13957012	9	7.454040200991928e-5
1438492370	9	9.440720662476983e-5
176781746	9	5.5341438362224935e-5
58157455	9	1.0095723996864184e-4
772478217361817600	9	2.632242024790731e-5
996339746082361344	9	3.279121389650609e-5
718316416	9	7.641540804090321e-5
938355857565388800	9	1.8828761057826916e-4
1662938636	9	1.4325157968815758e-4
518298806	9	1.6025286977234704e-5
27443378	9	4.2061514191758605e-5
967547347	9	2.5118902179558364e-5
14368178	9	4.4651317933150594e-5
3271105524	9	1.2813572693800605e-4
171712286	9	9.225565826057364e-5
27076402	9	1.4144752658745566e-4
627768498	9	1.441225066154758e-4
29400366	9	1.8715011457831184e-4
1425704400	9	6.657734050170873e-5
1685423414	9	1.0158840682579644e-4
2533117572	9	1.6790411304226383e-4
3362591548	9	1.0873941439064955e-4
83889335	9	9.866952916102442e-5
351714786	9	9.508505257343323e-5
989306943922720768	9	8.416273751771142e-5
2795551457	9	0.03845930352387575
767508881194885120	9	2.3070675478343547e-4
448885963	9	0.9999269551212602
2459034979	9	1.1801002558360673e-4
226367460	9	1.515889339306256e-4
20071929	9	1.0935855747538841e-4
174857114	9	1.4096400029174307e-4
886569368871518208	9	1.1317369680152091e-4
22403968	9	1.1630196066395397e-4
1009889166404943872	9	1.3934362307762346e-4
85138554	9	1.5292181600213436e-4
263519006	9	3.162535977708547e-4
42791181	9	0.9980107066877446
301169465	9	3.320020372062149e-4
103632922	9	1.306133784294163e-4
885631081436913666	9	3.644841242595728e-4
4197404474	9	2.0748893955585939e-4
3351126045	9	2.0080833128963347e-4
70775884	9	1.771877512486053e-4
906344600012328961	9	1.32964993544833e-4
150390897	9	3.260221755116227e-4
28685983	9	3.5449324949505287e-4
18474087	9	3.1690670347275123e-4
14787107	9	3.9609319687672226e-4
62186989	9	1.9685255420779323e-4
2489281682	9	3.3059264615815465e-4
1082876013149851648	9	2.6884584119870057e-4
822321992	9	4.256650891815508e-4
14731789	9	5.762704246098227e-4
188965340	9	2.2786220411423857e-4
6446052	9	5.181733620851203e-4
837322733784485888	9	2.4440693273296597e-4
2333719058	9	5.931752044480346e-4
463219950	9	9.801114608693857e-4
710938809073012736	9	2.9584392950264137e-4
1188877111	9	2.1067777724913947e-4
848271469012553728	9	0.0010154420502859482
3916111	9	1.368340294994915e-4
821349290631135232	9	4.374186451043244e-4
701228833643569152	9	6.951812998224949e-4
2270738605	9	4.604450885613944e-4
309668325	9	7.099612850529009e-4
133872193	9	7.178797218782042e-4
2164510104	9	0.00117142931228385
3375288033	9	0.001156233250613997
15929341	9	0.001316966906898322
171323536	9	0.0012558743113052575
836258493090922496	9	0.001277000493892138
76031435	9	0.0014332516354521525
4289272998	9	5.858737644160207e-4
42902766	9	7.905061349570696e-4
268334410	9	0.0015851485339847735
869389322855878658	10	6.794086359137542e-5
2336909199	10	0.05522421815132358
195592527	10	1.7556859629889813e-5
19017604	10	0.1025533199594968
1084650420	10	0.030304391606480623
17454769	10	5.03886661554146e-5
194343140	10	2.2820749960353583e-5
2596589880	10	8.977938175465295e-5
17831138	10	7.270636863564475e-5
18786099	10	0.17459605869873007
98678698	10	9.083023860065792e-5
465119611	10	4.6335496918587776e-5
316327930	10	8.621311607514606e-5
1006149495279771648	10	8.382490666121036e-5
1497105828	10	8.474904054468879e-5
225968641	10	0.13954221918152213
22277496	10	0.03378396734329852
36830025	10	1.0000130828993368
1398479138	10	0.027582477133416532
161163433	10	1.55770181737788e-5
636025744	10	5.25295933237838e-5
767256235	10	5.362277188035985e-5
77184521	10	1.7948691137071214e-5
16187240	10	0.11885211550031798
15815757	10	0.005910348024739166
50798026	10	0.09184592644848295
2181212986	10	6.391356153057589e-5
151915040	10	2.8948709789961003e-5
129067238	10	0.46862337606074445
1001562055	10	9.968540372101537e-6
2814040284	10	0.014633013544024215
55706325	10	8.802751159127985e-5
118791480	10	7.226052501142113e-5
1560875191	10	9.449923497251342e-5
730523465447407616	10	1.0000637431949124
892120710667264001	10	1.013637589918147e-4
596525761	10	3.088732598292665e-5
776272687	10	6.907087886885684e-5
16073596	10	0.40832461511232016
257993878	10	0.021904123713926985
3044819620	10	4.5464678837235295e-5
2868467754	10	9.751013968837661e-5
14156466	10	0.0755691798419497
300479320	10	1.1570277165395366e-4
1015730719862198273	10	0.2634838718542116
278417777	10	0.06614243360149802
4023583938	10	6.999506854317492e-5
3587917655	10	1.9446868487216856e-5
517107950	10	7.683956051106935e-5
15625450	10	5.676175500955369e-5
925090420526284800	10	4.0533864902221484e-5
1884398202	10	1.5995053292164595e-5
741041871393153026	10	6.201652041174039e-5
10799642	10	0.1462859090264156
116473390	10	4.3919075469034326e-5
275681295	10	1.503633018617928e-4
610088998	10	0.0805881381200209
1046740962	10	1.0142158069047073e-4
3952661537	10	2.8706770386970504e-5
433650953	10	0.22823551818688406
1023771075040210944	10	5.535238017873934e-5
551774095	10	4.443993792361563e-5
161838894	10	2.71602579694155e-5
540645536	10	0.07016514185584156
199439095	10	5.490401225088891e-5
24554929	10	5.075138910641264e-5
42272176	10	8.423907904187963e-5
394334112	10	0.26237094405926986
5396782	10	6.367811084529392e-5
452943547	10	0.07708017962272659
280848678	10	0.42284012524285114
2872639048	10	4.0943141985531355e-5
850425172268118017	10	1.002825750451439e-4
4288994138	10	6.73535252413022e-5
14346862	10	0.12709714062972183
4005918077	10	0.21168494963445106
459352886	10	8.250229952057271e-5
30009042	10	6.934933367810146e-5
3253804451	10	1.1737717151857304e-5
1828157862	10	3.3552064153178626e-5
920406011793629189	10	1.700179498774157e-5
4314665908	10	8.031040451689198e-5
56401749	10	8.248589643778696e-5
448991059	10	5.401938021811071e-5
13957012	10	0.531183085447948
1438492370	10	0.3187995796968925
176781746	10	0.9998653159572337
58157455	10	1.2068488678425545e-4
772478217361817600	10	7.673703777055118e-5
996339746082361344	10	3.174512236883489e-5
718316416	10	1.006713731089337e-4
938355857565388800	10	1.6328280520989816e-4
1662938636	10	1.699690373989231e-4
518298806	10	0.5067071812434925
27443378	10	3.426434317918754e-5
967547347	10	5.5829902801796276e-5
14368178	10	4.765014414362128e-5
3271105524	10	0.1385309483492447
171712286	10	6.521412073638007e-5
27076402	10	1.7639842517514195e-4
627768498	10	1.089037837998062e-4
29400366	10	1.9467209204021237e-4
1425704400	10	8.948491350969096e-5
1685423414	10	0.05841668657864653
2533117572	10	9.884230659352677e-5
3362591548	10	2.7166264037083407e-5
83889335	10	6.489300449803831e-5
351714786	10	8.74388100210086e-5
989306943922720768	10	1.5911082247747291e-4
2795551457	10	0.4609436565785865
767508881194885120	10	1.7734523687072646e-4
448885963	10	1.7281029014156982e-5
2459034979	10	1.3541662992950517e-4
226367460	10	1.9781249378983883e-4
20071929	10	1.0735527314132038e-4
174857114	10	8.19798947001402e-5
886569368871518208	10	1.3408381811576509e-4
22403968	10	0.11040717282917716
1009889166404943872	10	1.2327153836949177e-4
85138554	10	1.5725801349012524e-4
263519006	10	2.66015445317182e-4
42791181	10	2.7118851532925426e-4
301169465	10	3.4800541100699854e-4
103632922	10	1.2949610514901533e-4
885631081436913666	10	4.305928070345127e-4
4197404474	10	1.854988011471118e-4
3351126045	10	0.351174708182276
70775884	10	1.7444950532274236e-4
906344600012328961	10	1.083641158621338e-4
150390897	10	3.2844297573742876e-4
28685983	10	0.9234059681023551
18474087	10	0.00025231775387620653
14787107	10	3.997612652959324e-4
62186989	10	1.5972764847253806e-4
2489281682	10	3.1019847817892856e-4
1082876013149851648	10	2.0309454640700538e-4
822321992	10	0.7006247798954206
14731789	10	5.575390164161289e-4
188965340	10	0.824016917804621
6446052	10	4.883425736366632e-4
837322733784485888	10	2.105847278851461e-4
2333719058	10	5.725062666699413e-4
463219950	10	0.001026007298745401
710938809073012736	10	3.4387536657368416e-4
1188877111	10	2.3747598756546328e-4
848271469012553728	10	0.0010667890756068223
3916111	10	1.55360014429421e-4
821349290631135232	10	4.464411648650783e-4
701228833643569152	10	6.78140245943443e-4
2270738605	10	5.145948832796797e-4
309668325	10	0.9928166791266034
133872193	10	7.175022861054946e-4
2164510104	10	0.0011677671545732083
3375288033	10	0.0011897627967491064
15929341	10	0.0012795071273675282
171323536	10	0.9863162992398095
836258493090922496	10	0.9863147568421977
76031435	10	0.0013898467561475915
4289272998	10	0.2789891996160979
42902766	10	8.068737654080611e-4
268334410	10	0.001533061777699496
869389322855878658	11	9.886697521131941e-5
2336909199	11	1.532978003728386e-5
195592527	11	1.000005267764107
19017604	11	6.697290885389336e-5
1084650420	11	9.095267972429876e-5
17454769	11	2.612567549247991e-5
194343140	11	2.530448336595275e-6
2596589880	11	4.808639746413159e-5
17831138	11	3.677839022134362e-5
18786099	11	3.871291660516887e-5
98678698	11	4.8381810630139386e-5
465119611	11	9.728761827788334e-5
316327930	11	0.09972729553594781
1006149495279771648	11	6.389495679174929e-5
1497105828	11	3.3801498009495456e-5
225968641	11	2.2447498178088422e-5
22277496	11	7.878608875664881e-5
36830025	11	9.648135455186947e-5
1398479138	11	5.634412228656449e-5
161163433	11	0.003333847900444702
636025744	11	4.683686031450953e-5
767256235	11	9.186038525006528e-5
77184521	11	1.5601035263353874e-5
16187240	11	0.002776897549070586
15815757	11	0.23720879705977205
50798026	11	9.505391434863325e-5
2181212986	11	5.7007028917957904e-5
151915040	11	4.163726011969609e-5
129067238	11	6.088895013837277e-5
1001562055	11	9.304824270937452e-5
2814040284	11	1.3494476954025862e-5
55706325	11	9.811251611286231e-5
118791480	11	2.6748988618081268e-5
1560875191	11	0.004373099956295075
730523465447407616	11	1.2461204001626515e-5
892120710667264001	11	1.0603762505793297e-4
596525761	11	4.3787239970858695e-5
776272687	11	8.432390572234014e-5
16073596	11	1.0125317064919101e-4
257993878	11	6.688587929260518e-5
3044819620	11	8.290818712912969e-6
2868467754	11	1.3993645131362588e-5
14156466	11	5.020302800998402e-5
300479320	11	1.0274152613949956e-4
1015730719862198273	11	5.988911045406095e-5
278417777	11	6.401818010201514e-5
4023583938	11	3.657216349942631e-5
3587917655	11	3.403543978048924e-5
517107950	11	3.388845621001716e-5
15625450	11	0.4501947917716027
925090420526284800	11	0.27298344723980394
1884398202	11	5.912635496063872e-5
741041871393153026	11	3.125034353698101e-5
10799642	11	2.3645788390562654e-5
116473390	11	9.85144449421637e-5
275681295	11	1.3754964557358772e-4
610088998	11	8.12145156491215e-5
1046740962	11	8.510744810906179e-5
3952661537	11	0.18903082743163288
433650953	11	0.0082445056013294
1023771075040210944	11	8.137549937782517e-5
551774095	11	9.784880385690966e-5
161838894	11	2.566657644454792e-5
540645536	11	0.8482168067732379
199439095	11	1.0261095029692514e-4
24554929	11	6.015022276866688e-5
42272176	11	2.0749974607034444e-5
394334112	11	1.2387527197429004e-5
5396782	11	0.016495991149989876
452943547	11	7.73849471027973e-5
280848678	11	4.6612094251644514e-5
2872639048	11	7.578262612762193e-5
850425172268118017	11	0.7042254139090848
4288994138	11	9.769940380522719e-5
14346862	11	1.0287323406905593e-4
4005918077	11	6.773702016093209e-5
459352886	11	0.4226914353618302
30009042	11	7.204505078186135e-5
3253804451	11	5.539936304493594e-5
1828157862	11	8.624027202632716e-5
920406011793629189	11	6.371934866664635e-5
4314665908	11	0.20009897773461274
56401749	11	1.215184364890391e-4
448991059	11	5.5156754815727884e-5
13957012	11	8.423728609071266e-5
1438492370	11	0.41863409269382695
176781746	11	1.0027012428723255e-4
58157455	11	8.357840435572393e-5
772478217361817600	11	0.03681192434192461
996339746082361344	11	3.4989749752380446e-5
718316416	11	1.243288638876315e-4
938355857565388800	11	1.495979859669834e-4
1662938636	11	9.033892451806933e-5
518298806	11	0.14732119132798352
27443378	11	4.023750561151944e-5
967547347	11	6.518981411878657e-5
14368178	11	8.633706936289027e-5
3271105524	11	0.7948058019574094
171712286	11	5.963839143516054e-5
27076402	11	1.71483510055865e-4
627768498	11	8.384239201686907e-5
29400366	11	1.6800627474593052e-4
1425704400	11	1.1664338582416338e-4
1685423414	11	1.052006303261649e-4
2533117572	11	1.2243955761203842e-4
3362591548	11	0.05504931401906454
83889335	11	1.3111577598801856e-4
351714786	11	1.0166818714733421e-4
989306943922720768	11	1.6757369143430165e-4
2795551457	11	7.467291495394378e-5
767508881194885120	11	1.4783230546423217e-4
448885963	11	1.0963828201804654e-4
2459034979	11	1.760285206329423e-4
226367460	11	1.566238589509248e-4
20071929	11	5.674320901614545e-5
174857114	11	0.8429271235323276
886569368871518208	11	1.8698083456373567e-4
22403968	11	0.08562230660769944
1009889166404943872	11	1.2478412099289332e-4
85138554	11	2.059355099857917e-4
263519006	11	3.063564209891857e-4
42791181	11	2.292368444590706e-4
301169465	11	3.5308077675431254e-4
103632922	11	1.5849309348838612e-4
885631081436913666	11	3.423878257176941e-4
4197404474	11	1.5144806904114557e-4
3351126045	11	1.2278993361474887e-4
70775884	11	1.6032358004352523e-4
906344600012328961	11	1.259654639958967e-4
150390897	11	3.1685447555341944e-4
28685983	11	3.018310682694386e-4
18474087	11	2.333903274495685e-4
14787107	11	0.6720081773087871
62186989	11	1.543684398421286e-4
2489281682	11	0.9973336092390304
1082876013149851648	11	0.7231576287814789
822321992	11	4.3764526971700585e-4
14731789	11	5.021130237381843e-4
188965340	11	1.9643638317126856e-4
6446052	11	4.77072342232332e-4
837322733784485888	11	0.06812110862610728
2333719058	11	5.769173625163706e-4
463219950	11	9.873175155065985e-4
710938809073012736	11	3.1931855036737984e-4
1188877111	11	2.2138243573227928e-4
848271469012553728	11	0.0010427013391538901
3916111	11	1.9152881111485432e-4
821349290631135232	11	3.7112055883827677e-4
701228833643569152	11	7.043304092549749e-4
2270738605	11	4.8668680062404727e-4
309668325	11	7.375961760125048e-4
133872193	11	6.884274864402614e-4
2164510104	11	0.001247868874258114
3375288033	11	0.001248643360714175
15929341	11	0.0013150414071843573
171323536	11	0.0012717669869173821
836258493090922496	11	0.0012839617401926378
76031435	11	0.0014009327509686385
4289272998	11	5.483845125071672e-4
42902766	11	7.73704430467446e-4
268334410	11	0.0015901782224343516
869389322855878658	12	6.635804168591802e-6
2336909199	12	0.47621010583614043
195592527	12	5.246217349325612e-5
19017604	12	0.796859409460183
1084650420	12	4.147012317494203e-5
17454769	12	0.7618635144661279
194343140	12	2.3254519316827867e-5
2596589880	12	9.511601957282793e-5
17831138	12	7.930721330949696e-5
18786099	12	9.854311096736451e-5
98678698	12	9.391611983950082e-5
465119611	12	5.8279987636260307e-5
316327930	12	5.4445762403436896e-5
1006149495279771648	12	5.697515089991461e-5
1497105828	12	0.16220816915805705
225968641	12	6.870324058734201e-5
22277496	12	3.329750892932814e-5
36830025	12	3.6989441950337154e-5
1398479138	12	0.041940975876290636
161163433	12	8.381973731493018e-5
636025744	12	5.897061626836607e-5
767256235	12	7.822260699400047e-5
77184521	12	9.381130785687924e-5
16187240	12	2.5888113331585144e-5
15815757	12	3.5950954986969786e-5
50798026	12	6.525747156329575e-5
2181212986	12	2.1358512748191194e-5
151915040	12	2.9747164298083397e-5
129067238	12	5.924558256114804e-5
1001562055	12	8.988601709405977e-5
2814040284	12	1.2495980806249241e-5
55706325	12	8.136023442111797e-5
118791480	12	3.505048756847207e-5
1560875191	12	8.623254355128976e-5
730523465447407616	12	1.779293065305708e-5
892120710667264001	12	4.948552592408636e-5
596525761	12	2.062380380386333e-5
776272687	12	0.005119683200040103
16073596	12	0.017158341909698088
257993878	12	6.996537109978819e-5
3044819620	12	7.940328168433083e-5
2868467754	12	2.6682339560033276e-5
14156466	12	5.1537467810197337e-5
300479320	12	1.1244199176092663e-4
1015730719862198273	12	4.800753094881266e-5
278417777	12	8.872855996884764e-5
4023583938	12	1.4239014981811456e-5
3587917655	12	4.171795643920004e-5
517107950	12	8.276182050693279e-5
15625450	12	1.0008334036186407e-4
925090420526284800	12	3.9056609486033556e-5
1884398202	12	3.517270690941129e-5
741041871393153026	12	9.451829269067808e-5
10799642	12	6.661413366099703e-5
116473390	12	6.856179903495674e-5
275681295	12	1.1401659504394526e-4
610088998	12	3.12843284507943e-5
1046740962	12	1.0247237004232742e-4
3952661537	12	5.531165264219504e-5
433650953	12	8.234950328630126e-5
1023771075040210944	12	1.0959798333313013e-4
551774095	12	3.679507403126445e-5
161838894	12	2.153616506363702e-5
540645536	12	2.1676091789160058e-5
199439095	12	5.4545141439147694e-5
24554929	12	1.0619500038182135e-4
42272176	12	3.8855109347448874e-5
394334112	12	3.796886962187374e-5
5396782	12	1.5654683008702773e-5
452943547	12	7.717244008307876e-5
280848678	12	3.583139761098721e-5
2872639048	12	4.2048948775589114e-5
850425172268118017	12	7.920340918415408e-5
4288994138	12	5.6100569312067e-5
14346862	12	4.661546215894637e-5
4005918077	12	6.78648591785319e-5
459352886	12	7.128591702454651e-5
30009042	12	4.5224430399657747e-5
3253804451	12	1.004729051369706e-4
1828157862	12	5.925398726273881e-5
920406011793629189	12	1.3246813496882722e-5
4314665908	12	7.077391874714097e-5
56401749	12	1.2140195951366534e-4
448991059	12	1.7096613833327673e-5
13957012	12	4.209337480439255e-5
1438492370	12	1.1061745194252839e-4
176781746	12	7.592328418503386e-5
58157455	12	4.918240310152115e-5
772478217361817600	12	8.250694319514293e-5
996339746082361344	12	1.0523244470396598e-4
718316416	12	1.2641885714750312e-4
938355857565388800	12	1.597713586119142e-4
1662938636	12	7.437496028398384e-5
518298806	12	3.6995282088549114e-5
27443378	12	4.2536254500487024e-5
967547347	12	1.0518036293157115e-4
14368178	12	2.0678475370193822e-5
3271105524	12	9.213574932605801e-5
171712286	12	7.672927081584944e-5
27076402	12	1.5453478903352193e-4
627768498	12	1.4119856926400165e-4
29400366	12	1.6736211081886662e-4
1425704400	12	1.3731840916665245e-4
1685423414	12	9.524488036280682e-5
2533117572	12	1.5739419771833098e-4
3362591548	12	6.97094103540501e-5
83889335	12	4.30961472583581e-5
351714786	12	7.815270257214969e-5
989306943922720768	12	9.508948891433012e-5
2795551457	12	7.056081374735057e-5
767508881194885120	12	2.1500131782636883e-4
448885963	12	9.137350818074722e-5
2459034979	12	1.660413131773672e-4
226367460	12	1.362607473897686e-4
20071929	12	5.1725925480607023e-5
174857114	12	1.5578012889400355e-4
886569368871518208	12	1.784670246601975e-4
22403968	12	4.699285219242823e-5
1009889166404943872	12	1.4692359269237595e-4
85138554	12	2.0283398986189728e-4
263519006	12	2.771195295425329e-4
42791181	12	2.3748160465386273e-4
301169465	12	2.9791341717497427e-4
103632922	12	8.021747189909892e-5
885631081436913666	12	4.073836025097382e-4
4197404474	12	0.38136893469043426
3351126045	12	1.970284383402481e-4
70775884	12	2.1012840842933418e-4
906344600012328961	12	1.3817870337233144e-4
150390897	12	3.360747993442079e-4
28685983	12	3.717014949149426e-4
18474087	12	2.2410578394743534e-4
14787107	12	3.7787679367549986e-4
62186989	12	1.4221792741597636e-4
2489281682	12	2.867550010903164e-4
1082876013149851648	12	2.572259462703942e-4
822321992	12	4.111767957181968e-4
14731789	12	4.8764559520669224e-4
188965340	12	2.862806035124372e-4
6446052	12	5.308941189465006e-4
837322733784485888	12	1.9508459554140755e-4
2333719058	12	5.970680859178335e-4
463219950	12	9.599166703570551e-4
710938809073012736	12	2.780569711313558e-4
1188877111	12	2.017601776586289e-4
848271469012553728	12	0.0010681939222061533
3916111	12	1.2548273482363247e-4
821349290631135232	12	4.464857689299828e-4
701228833643569152	12	7.334218998040023e-4
2270738605	12	4.975352855574059e-4
309668325	12	6.688290268248863e-4
133872193	12	6.878390787933878e-4
2164510104	12	0.0011654263303929257
3375288033	12	0.0011785071690880943
15929341	12	0.0012877705580421226
171323536	12	0.0012646284758445318
836258493090922496	12	0.0012695702001784418
76031435	12	0.0013754949376698566
4289272998	12	5.784972331605897e-4
42902766	12	8.079290473898765e-4
268334410	12	0.001546982695503863
